4.269854870966457300e-02 2.031184381816923245e-03 2.176744710698818794e-03
8.853657400478981421e-02 7.085643749841400753e-03 1.965110787169337039e-03
1.355660687922738417e-01 2.176121198557690734e-02 4.695272840127832220e-03
1.847554567130517134e-01 3.054444682926963847e-02 3.058734719417268832e-03
2.352498580092770297e-01 2.583810759841042790e-02 3.166878441173306795e-03
2.838994551156185375e-01 5.429999582236515882e-02 4.983620708231965499e-03
3.324240847706753654e-01 6.086886356062594372e-02 5.129321478763834187e-03
3.837730552738690126e-01 6.441134547979586455e-02 4.060586414790101281e-03
4.359387788357459437e-01 7.757631346656547466e-02 5.293806354361714310e-03
4.851946001342949399e-01 8.533883903105356217e-02 5.025721390681316646e-03
5.349634041869001377e-01 8.609237285696838549e-02 4.918763120745406336e-03
5.848502112659765828e-01 1.062087433049770380e-01 4.968435066642152946e-03
6.330627265106228974e-01 1.037387105300275059e-01 4.523926386542062410e-03
6.839739962223516656e-01 1.079332456816087804e-01 5.493015449954292972e-03
7.345055328709528819e-01 1.161182413435494637e-01 7.456867283853401557e-03
7.850647114615225686e-01 1.124845651795058771e-01 8.246952513717641445e-03
8.374728923528220736e-01 1.084973118721814650e-01 8.495548765679830638e-03
8.836080361104504677e-01 9.292171190394306335e-02 1.025612470785138182e-02
9.365383090133829747e-01 1.028808505172160298e-01 1.123070418114504448e-02
9.831054674038224306e-01 7.611032779937580706e-02 1.160100453085166454e-02
1.031516779559980668e+00 5.760211167655306108e-02 1.042216659325500422e-02
1.084703447198615223e+00 3.752144370100526927e-02 1.768366037732093873e-02
1.130986991116157414e+00 2.894202815456013277e-03 2.078955439568655472e-02
1.183868158207556531e+00 5.726710196099315392e-02 2.112802066259151026e-02
1.232531850994819989e+00 2.954955770276201932e-02 1.787067794624022307e-02
1.286405325483193307e+00 1.713451299159615693e-02 2.232925352799821836e-02
1.338024107921905959e+00 7.090065389184367455e-03 2.178295410293892842e-02
1.381050604346999000e+00 -1.283277910701145427e-02 2.160845829395281401e-02
1.433241826181070877e+00 1.296766741966758757e-02 3.258526400245086163e-02
1.483517889206180662e+00 7.979191864981698135e-02 3.442148411638381450e-02
1.534215315861849671e+00 4.287632227875747687e-02 3.217149673227865520e-02
1.584465153037313279e+00 1.883828456484183678e-02 3.370910028615273224e-02
1.635505145538435290e+00 1.075722250098737169e-02 3.309615483139934783e-02
1.681933568581131189e+00 -2.682896152114182947e-03 3.156729080090071859e-02
1.737280169211269376e+00 3.268437324858883275e-02 3.016962211626974741e-02
1.786200433177979274e+00 -2.450953454893305475e-02 3.121537166002333330e-02
1.834321037999263826e+00 4.402096824089611615e-02 4.197065829565209405e-02
1.883866612061175783e+00 -5.083185586742502982e-02 2.252096709704248800e-02
1.934839522564142600e+00 3.512176957264540045e-02 3.243156187219489728e-02
1.983921486797868949e+00 1.276986841945421287e-03 3.599959899798063634e-02
2.036449400688252087e+00 9.534731059917273682e-03 3.222811983438256950e-02
2.085711470816091762e+00 3.612927650696209220e-02 3.920120261723603061e-02
2.139396038147026946e+00 2.377276625427715909e-02 3.149322854149436829e-02
2.185334807586274408e+00 8.605427351942095821e-03 1.569898629524860839e-02
2.234692284523327022e+00 -6.211305814322295657e-03 1.821337876320231960e-02
2.283613213271959541e+00 -1.433758312133440703e-02 2.219654559798073246e-02
2.334428762337422469e+00 6.466774362062390272e-03 2.484747275714913745e-02
2.385925646834990310e+00 -4.232042075351866856e-02 2.235503100569810261e-02
2.433730198103878806e+00 -1.971758281707305591e-02 2.098851264674544623e-02
2.482495830759913424e+00 -4.220766043672199985e-02 1.996021119833066987e-02
2.535304239010601535e+00 3.294606217428421024e-03 2.139240693836372623e-02
2.586215982809288327e+00 -5.080953766178966657e-02 2.196291016488895187e-02
2.635979648578931300e+00 -7.530387657280430101e-03 2.411799211453186792e-02
2.684791722187427343e+00 1.266812648904711534e-02 3.046296515196717306e-02
2.733008382078572662e+00 -8.444299864447181447e-02 3.244770512363857190e-02
2.786941425014459739e+00 -2.026003501855257877e-02 3.556466515394768324e-02
2.832457265488004694e+00 2.375959542788558948e-02 3.536741269026280610e-02
2.885780596531075659e+00 -1.543488564545591156e-02 3.378195006908460418e-02
2.930660111433067261e+00 -4.619482540627330852e-02 3.174737030315454706e-02
2.982096537247260315e+00 1.398725291767065511e-02 3.239423743496046282e-02
3.033320206295243793e+00 -3.926806323815437011e-02 3.164608412141881044e-02
3.088044033111482900e+00 5.622327760370529615e-02 3.513684346552869986e-02
3.134914610595607165e+00 -3.055668389173917324e-02 3.207128734123628616e-02
3.185265154439983704e+00 5.658640774962579029e-02 3.911877183198967517e-02
3.237414268965435937e+00 -1.175997860155245794e-02 3.778042608693409771e-02
3.289941124008070261e+00 -2.920090268428505997e-02 4.409924305985640780e-02
3.336906258241355339e+00 -3.178516716374175932e-02 6.380061617216997716e-02
3.385405123396374893e+00 1.523351458988282670e-02 5.722160920991089389e-02
3.431401671691298727e+00 -8.950947172928021278e-02 7.804383035284388759e-02
3.484122428309507136e+00 -1.353092002672793247e-02 1.646220352586688640e-01
3.534576234681687357e+00 1.545205872509959957e-02 4.225083654018515350e-02
3.586088885597456866e+00 -1.037564984431320059e-01 6.507067065437514841e-02
3.634353016956971771e+00 -5.291996828163107042e-02 5.156211061572870541e-02
3.683871711801501192e+00 -5.169418981445998706e-02 4.194628328553716423e-02
3.733192143527529705e+00 -5.054061597108182313e-02 4.936385872891950466e-02
3.792594117684196409e+00 -1.390639796356556990e-01 4.934551007320508997e-02
3.840154123681892351e+00 4.042117489428975058e-02 5.991946522069818704e-02
3.882624616078844237e+00 2.666627689154535061e-02 6.397976698731724920e-02
3.934125875088643198e+00 1.099621370747630306e-01 9.185150248793859384e-02
3.988463154696603841e+00 9.412781041469017729e-02 7.506895287593158550e-02
4.029663275161295743e+00 -5.874461792529612342e-02 1.369836237552934377e-01
4.083091437611897412e+00 -1.982952639055533817e-02 1.162780281791186143e-01
nan nan nan
4.182439039729387353e+00 3.474073440483939346e-02 1.093099568872210048e-01
nan nan nan
nan nan nan
nan nan nan
nan nan nan
nan nan nan
nan nan nan
nan nan nan
nan nan nan
nan nan nan
nan nan nan
nan nan nan
nan nan nan
nan nan nan
nan nan nan
nan nan nan
nan nan nan
