# average spec redshift
# DD/DR-1
# error
4.269854870966457300e-02 9.918428316467752578e-04 3.032725388326118227e-03
8.853657400478981421e-02 5.502057508044191220e-03 2.664516681155066399e-03
1.355660687922738417e-01 2.114572514105283671e-02 5.355552592496425589e-03
1.847554567130517134e-01 2.380043748297798814e-02 3.832595060489290498e-03
2.352498580092770297e-01 2.124416065738800319e-02 3.903992916143470340e-03
2.838994551156185375e-01 4.967269000103421289e-02 4.759241966467132878e-03
3.324240847706753654e-01 4.602647846076765581e-02 5.026951887878908405e-03
3.837730552738690126e-01 5.126496469007143370e-02 4.604933042979771074e-03
4.359387788357459437e-01 5.950195147072681601e-02 5.964855187179578071e-03
4.851946001342949399e-01 1.104478401503415502e-01 6.833779516627870587e-03
5.349634041869001377e-01 1.973061440151454571e-01 8.542246856905187299e-03
5.848502112659765828e-01 2.553042031853440252e-01 8.375926754414281597e-03
6.330627265106228974e-01 2.205127483181298920e-01 7.743177253715091864e-03
6.839739962223516656e-01 1.537338000478455091e-01 7.521859361028769911e-03
7.345055328709528819e-01 7.175581726381623227e-02 9.290935922784755024e-03
7.850647114615225686e-01 3.556404567398935984e-02 1.061346793249407471e-02
8.374728923528220736e-01 2.541794651444669734e-02 1.166868976983244897e-02
8.836080361104504677e-01 2.230903082211920657e-02 1.338321296932233791e-02
9.365383090133829747e-01 2.271664924747775899e-02 1.624231892972175656e-02
9.831054674038224306e-01 5.659945781830048178e-03 1.653481313704706010e-02
1.031516779559980668e+00 3.777886123389085499e-02 1.940359811392081135e-02
1.084703447198615223e+00 3.808978047652510773e-02 3.028829875839944910e-02
1.130986991116157414e+00 1.826806256859212288e-02 3.652143168604126550e-02
1.183868158207556531e+00 1.511949632128619476e-03 3.456542823765171996e-02
1.232531850994819989e+00 3.230661585783326482e-03 2.953659712181441049e-02
1.286405325483193307e+00 8.198390628685752607e-03 3.444805084901160497e-02
1.338024107921905959e+00 -5.858810624204529444e-02 3.344517272996725549e-02
1.381050604346999000e+00 7.120496864083664459e-03 3.490508093038237336e-02
1.433241826181070877e+00 -4.236447751452802890e-02 4.449223833503851422e-02
1.483517889206180662e+00 8.025345399552746839e-02 4.814728126907379113e-02
1.534215315861849671e+00 2.791666977612227915e-02 5.159457366334800621e-02
1.584465153037313279e+00 7.233326545586526990e-02 4.863471095391770638e-02
1.635505145538435290e+00 -4.387209538465163677e-02 4.666570124318165230e-02
1.681933568581131189e+00 1.513236409957686122e-02 4.666307807574985450e-02
1.737280169211269376e+00 -2.387822460753847437e-02 4.208804588790378276e-02
1.786200433177979274e+00 -1.015010216285564155e-02 4.444379984114527060e-02
1.834321037999263826e+00 3.682639933598410437e-02 5.149969475914129013e-02
1.883866612061175783e+00 -3.650082674619471723e-02 4.377067949582589407e-02
1.934839522564142600e+00 2.613378193965779431e-02 4.513669365553973217e-02
1.983921486797868949e+00 1.098710973158283435e-02 5.155317292802517187e-02
2.036449400688252087e+00 3.505480936861243846e-02 5.418614711650208970e-02
2.085711470816091762e+00 4.367394566742211631e-02 5.108833360737338736e-02
2.139396038147026946e+00 7.635302276537911381e-02 4.689813488488131510e-02
2.185334807586274408e+00 1.297797639480428693e-02 2.560636538093908135e-02
2.234692284523327022e+00 7.362385743131876284e-03 2.504404060553732173e-02
2.283613213271959541e+00 -2.951381352656905904e-02 3.032488274277538726e-02
2.334428762337422469e+00 1.413459613661895500e-02 3.754142589079010467e-02
2.385925646834990310e+00 -9.732503052197927218e-02 2.551574250217995138e-02
2.433730198103878806e+00 -5.578071126251373663e-02 2.959839977991811713e-02
2.482495830759913424e+00 -8.446555576495426432e-02 2.522239561187416407e-02
2.535304239010601535e+00 1.545428147394405788e-02 3.355077082851539577e-02
2.586215982809288327e+00 -1.490773282198208649e-02 3.630927994677138337e-02
2.635979648578931300e+00 2.602866339328633455e-02 3.501525615782809936e-02
2.684791722187427343e+00 -5.821336223135775353e-03 4.579446534427130538e-02
2.733008382078572662e+00 -1.434983289245286564e-01 4.609232465847528520e-02
2.786941425014459739e+00 -6.387752900158585878e-02 4.787342459975493791e-02
2.832457265488004694e+00 3.370203693279477664e-02 4.644688506381765281e-02
2.885780596531075659e+00 -1.481435477296027398e-02 4.444568545682926752e-02
2.930660111433067261e+00 -1.066713658998385585e-02 3.846815489092165335e-02
2.982096537247260315e+00 6.438853876536508591e-02 4.265566379615755299e-02
3.033320206295243793e+00 -1.242449621221910772e-01 4.985082866247372152e-02
3.088044033111482900e+00 5.039511889023806646e-02 5.127656389668339837e-02
3.134914610595607165e+00 3.614451800362959710e-02 4.358838008042060369e-02
3.185265154439983704e+00 1.176369971335489931e-03 5.699525264960199344e-02
3.237414268965435937e+00 -1.957129672538593726e-02 5.019590561231800779e-02
3.289941124008070261e+00 -3.124904706659546727e-02 6.113144741970633761e-02
3.336906258241355339e+00 -3.951707088894510639e-02 7.985587850322327375e-02
3.385405123396374893e+00 -1.150242401186658964e-01 9.339331627018607196e-02
3.431401671691298727e+00 -6.936379439830769877e-02 1.419034308813495182e-01
3.484122428309507136e+00 2.783351984834020465e-01 2.609613122344918157e-01
3.534576234681687357e+00 -1.762420319252734971e-02 6.716015096924771166e-02
3.586088885597456866e+00 -7.904205612746936782e-02 1.057282534515540384e-01
3.634353016956971771e+00 -2.567498379023954169e-01 6.573386610343075198e-02
3.683871711801501192e+00 -7.434283246755417351e-02 7.337750408001841862e-02
3.733192143527529705e+00 -4.958727461025937838e-02 8.827260123486974086e-02
3.792594117684196409e+00 -2.058873324198074173e-01 7.106025305932363312e-02
3.840154123681892351e+00 1.327954962631885671e-01 1.592956431900335867e-01
3.882624616078844237e+00 2.339066942180877684e-01 1.381391688578870458e-01
3.934125875088643198e+00 1.588202846766129939e-01 1.326021258254431179e-01
3.988463154696603841e+00 2.326805250747608078e-01 1.210561980898230278e-01
4.029663275161295743e+00 4.849146999205078412e-02 1.254056511280075281e-01
4.083091437611897412e+00 -1.236472529704894380e-01 1.422925908906074177e-01
nan nan nan
4.182439039729387353e+00 -2.009614829468685596e-02 1.352791713611102564e-01
nan nan nan
nan nan nan
nan nan nan
nan nan nan
nan nan nan
nan nan nan
nan nan nan
nan nan nan
nan nan nan
nan nan nan
nan nan nan
nan nan nan
nan nan nan
nan nan nan
nan nan nan
nan nan nan
