# average spec redshift
# DD/DR-1
# error
4.269854870966457300e-02 -2.572666037584824070e-03 2.867081482619919779e-03
8.853657400478981421e-02 4.784964449744892427e-03 3.108235809286476366e-03
1.355660687922738417e-01 1.169106997569968089e-02 4.195248130016051256e-03
1.847554567130517134e-01 5.038233483789731834e-03 3.437004624974072508e-03
2.352498580092770297e-01 -5.546157433911889402e-04 4.055111310572954639e-03
2.838994551156185375e-01 1.078902607268150855e-02 4.994679015685495570e-03
3.324240847706753654e-01 8.219576389599485625e-03 4.276203951111401565e-03
3.837730552738690126e-01 1.373541961012100625e-02 4.346976866417889482e-03
4.359387788357459437e-01 2.102364919438857657e-02 5.434388487551276327e-03
4.851946001342949399e-01 2.662761235416789135e-02 6.129770873492197507e-03
5.349634041869001377e-01 4.129985769256040717e-02 5.581771565782682985e-03
5.848502112659765828e-01 9.142125678887040585e-02 6.801809835243009111e-03
6.330627265106228974e-01 1.108217573678162704e-01 8.836277271570800590e-03
6.839739962223516656e-01 1.524830856262216483e-01 1.268299725463412422e-02
7.345055328709528819e-01 2.262364421408515902e-01 2.379310515475589055e-02
7.850647114615225686e-01 2.525958364021888003e-01 1.886057054178408646e-02
8.374728923528220736e-01 3.025577316896195246e-01 1.879434368309747250e-02
8.836080361104504677e-01 2.628217449110079040e-01 1.869107906115461196e-02
9.365383090133829747e-01 1.985714503681770549e-01 2.083468429831736995e-02
9.831054674038224306e-01 1.328346348717516501e-01 2.142545141518330948e-02
1.031516779559980668e+00 4.313680888595613355e-02 1.885323045888400231e-02
1.084703447198615223e+00 -1.015521246638177721e-02 2.639968508806151554e-02
1.130986991116157414e+00 -6.086174903851272050e-02 3.270969632316208381e-02
1.183868158207556531e+00 4.458720717157155927e-02 3.476584444207834329e-02
1.232531850994819989e+00 -2.094831722252316758e-02 2.968755698711879332e-02
1.286405325483193307e+00 1.436970242423220648e-02 3.730497824754774178e-02
1.338024107921905959e+00 3.049319206300288992e-02 4.764703244913057884e-02
1.381050604346999000e+00 -4.320896538099122663e-02 3.825369287744435215e-02
1.433241826181070877e+00 4.045793234717078718e-02 5.743887491207286256e-02
1.483517889206180662e+00 6.911118322487949661e-02 5.413470122007391777e-02
1.534215315861849671e+00 2.180817543013216508e-02 5.221479554434149684e-02
1.584465153037313279e+00 1.517220997928314837e-02 4.690756205500654086e-02
1.635505145538435290e+00 4.202676396650063123e-02 7.209568614819068799e-02
1.681933568581131189e+00 3.343802164385324682e-03 4.561739112544570263e-02
1.737280169211269376e+00 4.217809975151986385e-02 4.891840953364586658e-02
1.786200433177979274e+00 -7.137536699796556694e-02 5.490723613807222542e-02
1.834321037999263826e+00 -6.113332084725318222e-02 5.392240250039122967e-02
1.883866612061175783e+00 -4.388919336424801365e-02 5.069051169814364072e-02
1.934839522564142600e+00 3.948001445337844667e-02 5.453763728345677880e-02
1.983921486797868949e+00 -2.109327455012217217e-02 6.677533497362334036e-02
2.036449400688252087e+00 6.691225753223706274e-02 6.723717427915720801e-02
2.085711470816091762e+00 2.765862082062990612e-02 4.904042180605299589e-02
2.139396038147026946e+00 1.774616258422176754e-02 5.991348643832564158e-02
2.185334807586274408e+00 2.366580044056237843e-04 2.944758487934855465e-02
2.234692284523327022e+00 -2.333348632886264942e-02 2.732046967679226460e-02
2.283613213271959541e+00 4.588466686661860430e-03 2.818355585905910760e-02
2.334428762337422469e+00 6.217730295447876539e-03 3.543548526683999722e-02
2.385925646834990310e+00 -4.654494930450367440e-02 3.407156461038893941e-02
2.433730198103878806e+00 -3.575582689863388702e-02 3.808934717526197417e-02
2.482495830759913424e+00 -7.420055205382118657e-02 3.305994761661255887e-02
2.535304239010601535e+00 -2.386895013784865599e-03 3.534363503947663548e-02
2.586215982809288327e+00 -3.802295129063828355e-02 3.880228412209139194e-02
2.635979648578931300e+00 -3.420896049834773467e-02 3.367492651957638278e-02
2.684791722187427343e+00 2.363424160867458931e-03 4.324145541048842606e-02
2.733008382078572662e+00 -5.968019482452818075e-02 5.124696332672126070e-02
2.786941425014459739e+00 -7.795005720073086564e-02 4.428202700788538837e-02
2.832457265488004694e+00 1.427118258595643473e-02 5.010121589226439881e-02
2.885780596531075659e+00 -5.931248629790860510e-02 6.043730313604948196e-02
2.930660111433067261e+00 -8.071860950291259718e-02 6.092978841639776905e-02
2.982096537247260315e+00 8.918696149824146407e-03 5.327977732582084985e-02
3.033320206295243793e+00 1.280059095389400603e-01 7.979973225164589679e-02
3.088044033111482900e+00 3.813186713507852720e-03 7.651410178985892929e-02
3.134914610595607165e+00 -5.628465897016443620e-02 6.168150214818865495e-02
3.185265154439983704e+00 1.211300525892696073e-01 6.321854399100401700e-02
3.237414268965435937e+00 -4.519170302466857247e-02 6.355597458961850799e-02
3.289941124008070261e+00 3.424541675002328728e-02 9.331031642506266988e-02
3.336906258241355339e+00 2.509425335128617762e-02 1.777272914662949288e-01
3.385405123396374893e+00 -4.603646667562065475e-02 1.058380022154045141e-01
3.431401671691298727e+00 -1.500188510205615611e-01 7.922452086970845075e-02
3.484122428309507136e+00 -2.065866331235711173e-01 1.491687671897629353e-01
3.534576234681687357e+00 1.401946797317512039e-01 1.293444870824427828e-01
3.586088885597456866e+00 -3.361151123814722520e-03 8.297431329279400525e-02
3.634353016956971771e+00 1.435451266245711677e-01 9.874943733928895351e-02
3.683871711801501192e+00 2.817162324805740775e-02 9.884162084908533485e-02
3.733192143527529705e+00 1.532630071582696540e-01 1.581278989263268098e-01
3.792594117684196409e+00 -1.141191783603631021e-01 7.193111270916088817e-02
3.840154123681892351e+00 -4.741097155866633162e-02 8.412409459810563095e-02
3.882624616078844237e+00 -9.187672928034870679e-02 1.058606756296431028e-01
3.934125875088643198e+00 -1.811892876114473971e-01 5.961939021656801480e-02
3.988463154696603841e+00 9.184130520051739244e-02 1.283651152370050563e-01
4.029663275161295743e+00 -6.219467487855285387e-02 2.182253519616303428e-01
4.083091437611897412e+00 -7.655732045855756507e-02 1.151262622607304026e-01
nan nan nan
4.182439039729387353e+00 -1.523000863824766800e-02 1.896771628394827713e-01
nan nan nan
nan nan nan
nan nan nan
nan nan nan
nan nan nan
nan nan nan
nan nan nan
nan nan nan
nan nan nan
nan nan nan
nan nan nan
nan nan nan
nan nan nan
nan nan nan
nan nan nan
nan nan nan
