# average spec redshift
# DD/DR-1
# error
4.269854870966457300e-02 1.048156831039896188e-02 3.602319987008261240e-03
8.853657400478981421e-02 8.401009742651155063e-03 4.207265087926155035e-03
1.355660687922738417e-01 1.836321935603424035e-02 4.896244402108549700e-03
1.847554567130517134e-01 3.639673431436779572e-02 6.232273211922264439e-03
2.352498580092770297e-01 4.216552956117274042e-02 5.674299843350547219e-03
2.838994551156185375e-01 1.071395916900104439e-01 1.073949733850070032e-02
3.324240847706753654e-01 1.553389206035907244e-01 1.555680731373376008e-02
3.837730552738690126e-01 2.125875663729187848e-01 9.984740929724253075e-03
4.359387788357459437e-01 3.372074420184857368e-01 1.294945941472433124e-02
4.851946001342949399e-01 2.829911653212732192e-01 1.116512493491151649e-02
5.349634041869001377e-01 1.070688955119829949e-01 7.679740945224354520e-03
5.848502112659765828e-01 5.735092196773091539e-02 7.004656729091911574e-03
6.330627265106228974e-01 2.662399585007957023e-02 7.596522414704376391e-03
6.839739962223516656e-01 1.332257154866784733e-02 1.076237638947009218e-02
7.345055328709528819e-01 1.399795362220476735e-02 1.221645030573005608e-02
7.850647114615225686e-01 3.624277202082543808e-02 1.544660155537512340e-02
8.374728923528220736e-01 2.968149040146255899e-02 1.613805502707602382e-02
8.836080361104504677e-01 -8.677917996781811224e-04 1.811307778999551518e-02
9.365383090133829747e-01 4.668727307384618053e-02 2.413193483451006247e-02
9.831054674038224306e-01 2.948209085762637169e-02 2.475317463093518536e-02
1.031516779559980668e+00 -2.950688822365500966e-02 2.069087989838947275e-02
1.084703447198615223e+00 -4.610465043891367326e-02 3.020696349079267026e-02
1.130986991116157414e+00 -5.041185114493674374e-02 3.440298905040482802e-02
1.183868158207556531e+00 -2.636450601475181718e-02 3.599622515235176290e-02
1.232531850994819989e+00 -2.683289788692713729e-02 3.343398042086623279e-02
1.286405325483193307e+00 -1.695183451645421863e-02 5.352706700307745258e-02
1.338024107921905959e+00 4.362985987638300089e-02 5.216340917972986380e-02
1.381050604346999000e+00 -3.606368897994603751e-02 4.829606843582110592e-02
1.433241826181070877e+00 -4.066403250008242959e-02 6.618043795545687502e-02
1.483517889206180662e+00 1.402978423087855309e-01 7.223037306014033765e-02
1.534215315861849671e+00 1.193367212358012464e-01 5.991329903660051748e-02
1.584465153037313279e+00 -2.443910232174393432e-02 6.434916694678846638e-02
1.635505145538435290e+00 5.066908564370593837e-02 7.209969418939225771e-02
1.681933568581131189e+00 -6.632346942601943796e-02 5.333580545943304718e-02
1.737280169211269376e+00 2.292964526808666942e-02 7.865395423417509413e-02
1.786200433177979274e+00 -4.003001646713686551e-02 7.082588134665775137e-02
1.834321037999263826e+00 8.364867940990476647e-02 7.355019399095272248e-02
1.883866612061175783e+00 -6.243663762101858000e-02 4.779805986943408413e-02
1.934839522564142600e+00 -5.757397863811239587e-03 6.661244749000067022e-02
1.983921486797868949e+00 6.663955850890247203e-03 5.896698150945755418e-02
2.036449400688252087e+00 -1.607297971548565102e-02 7.557683289490288447e-02
2.085711470816091762e+00 1.033733335339055009e-01 1.009588596115038733e-01
2.139396038147026946e+00 -9.511964206541510813e-02 4.648703887280132563e-02
2.185334807586274408e+00 -4.965390548574147127e-03 3.140865373929622312e-02
2.234692284523327022e+00 1.267583636959062655e-02 3.794635093594755926e-02
2.283613213271959541e+00 -6.739655316673996699e-02 4.303826665581066829e-02
2.334428762337422469e+00 9.535340146525442609e-03 4.956395439128857133e-02
2.385925646834990310e+00 -3.902961806744694589e-02 3.734869958353944502e-02
2.433730198103878806e+00 1.357461258900469550e-02 4.154065785864862609e-02
2.482495830759913424e+00 5.331348989648359432e-02 4.906196623609437174e-02
2.535304239010601535e+00 -3.824896811304376483e-03 3.944854152700198041e-02
2.586215982809288327e+00 -1.094947057998333362e-01 4.253992242068261459e-02
2.635979648578931300e+00 2.402337796288867358e-02 6.884888644529817137e-02
2.684791722187427343e+00 4.936086202314834970e-02 6.937570957040438413e-02
2.733008382078572662e+00 -8.583705960269194524e-02 5.123590818947102582e-02
2.786941425014459739e+00 9.773119581490367913e-02 9.304136851147221110e-02
2.832457265488004694e+00 1.365444533367591272e-02 7.763365540301050971e-02
2.885780596531075659e+00 4.343221554147392444e-02 6.588978954410633360e-02
2.930660111433067261e+00 -7.878255837889276691e-02 6.431661057823834238e-02
2.982096537247260315e+00 1.326236525374037195e-03 6.587190713189768065e-02
3.033320206295243793e+00 -1.270542043328928838e-01 6.480097952419054674e-02
3.088044033111482900e+00 2.154153240205539666e-01 9.823812711870998082e-02
3.134914610595607165e+00 -4.691192656747154854e-02 5.992607640971499283e-02
3.185265154439983704e+00 1.130920874202670789e-01 7.538476673777515236e-02
3.237414268965435937e+00 1.256049701182920808e-01 1.083283771502455278e-01
3.289941124008070261e+00 -8.955535205162253043e-02 7.948408748068896967e-02
3.336906258241355339e+00 -2.112541261832510259e-02 9.041981671707131907e-02
3.385405123396374893e+00 1.851803098298955563e-01 1.687039795614311555e-01
3.431401671691298727e+00 -6.821715373967805751e-02 1.288077566287612885e-01
3.484122428309507136e+00 -1.286031001004252217e-01 2.641725415831789325e-01
3.534576234681687357e+00 -5.797403236849217600e-02 6.260206970822822237e-02
3.586088885597456866e+00 -2.163611153687432231e-01 8.693334422350494639e-02
3.634353016956971771e+00 -7.092887775061723112e-03 1.911058784932060106e-01
3.683871711801501192e+00 -1.420689771074401531e-01 7.194991913204462630e-02
3.733192143527529705e+00 -6.252286637651312262e-02 6.672949537919786733e-02
3.792594117684196409e+00 -1.265342024792434628e-01 1.417329686898217700e-01
3.840154123681892351e+00 -2.139507398438110775e-01 1.415538005581152836e-01
3.882624616078844237e+00 -7.003922237978335574e-02 1.546697013559871492e-01
3.934125875088643198e+00 1.885903375198927923e-01 2.664927814556395380e-01
3.988463154696603841e+00 6.078426911714326919e-02 1.506660641002237622e-01
4.029663275161295743e+00 2.725102661373181578e-01 6.958523872042772229e-01
4.083091437611897412e+00 1.533817951656072931e-01 1.393043272871702376e-01
nan nan nan
4.182439039729387353e+00 1.993249453726284037e-01 2.043153135331720049e-01
nan nan nan
nan nan nan
nan nan nan
nan nan nan
nan nan nan
nan nan nan
nan nan nan
nan nan nan
nan nan nan
nan nan nan
nan nan nan
nan nan nan
nan nan nan
nan nan nan
nan nan nan
nan nan nan
