4.269854870966457300e-02 1.272327782487224284e-03 3.283507629238815312e-03
8.853657400478981421e-02 1.398570193799084094e-02 3.595286324316876361e-03
1.355660687922738417e-01 5.422898281768150780e-02 1.098842996524944382e-02
1.847554567130517134e-01 8.182774964356660796e-02 6.041721162019400397e-03
2.352498580092770297e-01 7.261853731025055825e-02 5.585603541663777816e-03
2.838994551156185375e-01 1.120556984211825424e-01 6.725318727913564588e-03
3.324240847706753654e-01 1.044640419639833312e-01 6.834504886944998275e-03
3.837730552738690126e-01 7.550048237916892613e-02 6.631410871084940199e-03
4.359387788357459437e-01 5.301917430517142510e-02 7.680510660792213250e-03
4.851946001342949399e-01 3.578840744008274233e-02 5.830763787238769057e-03
5.349634041869001377e-01 2.901343900207451268e-02 5.933873102370616423e-03
5.848502112659765828e-01 2.540928648581113405e-02 5.971908673644910417e-03
6.330627265106228974e-01 2.989064245927290989e-02 6.834353030515388436e-03
6.839739962223516656e-01 1.088891369844724108e-02 8.440946956231685366e-03
7.345055328709528819e-01 1.531767102835621640e-02 9.196331797532706839e-03
7.850647114615225686e-01 2.215894365001562158e-02 1.320395288930533914e-02
8.374728923528220736e-01 1.501310229213067247e-02 1.684142710970140330e-02
8.836080361104504677e-01 2.153140876943179793e-02 2.049371319263997362e-02
9.365383090133829747e-01 1.728837499403244188e-02 2.092568252572853116e-02
9.831054674038224306e-01 2.354173080037489860e-02 2.426768602687033247e-02
1.031516779559980668e+00 -1.276416231474201100e-02 2.390230937150894172e-02
1.084703447198615223e+00 3.388568989963569589e-02 3.865578022233235461e-02
1.130986991116157414e+00 -7.647935887596261917e-02 3.908489413852628963e-02
1.183868158207556531e+00 6.085991621970894550e-02 3.648387176581951996e-02
1.232531850994819989e+00 1.527750834722230687e-02 3.448359606561809260e-02
1.286405325483193307e+00 4.105616972810465642e-02 4.092279573784347868e-02
1.338024107921905959e+00 -2.359873233102070117e-02 4.849380625641597914e-02
1.381050604346999000e+00 -2.804974379361455800e-02 4.510744080497034597e-02
1.433241826181070877e+00 5.163231661119235122e-02 4.508232400379129368e-02
1.483517889206180662e+00 5.078256421040289875e-02 7.287656918193782807e-02
1.534215315861849671e+00 1.638937296270705918e-02 5.617447876963352349e-02
1.584465153037313279e+00 1.562537356255154150e-02 5.600541373525090572e-02
1.635505145538435290e+00 3.731735997979716835e-02 5.720747139727984376e-02
1.681933568581131189e+00 2.006743944278310474e-02 5.558345232095544125e-02
1.737280169211269376e+00 1.412015621803505983e-01 9.064453623423800177e-02
1.786200433177979274e+00 -8.266462022325275771e-02 5.768208920184775268e-02
1.834321037999263826e+00 1.176453392171069971e-02 1.025506893274277659e-01
1.883866612061175783e+00 -5.078912491264577639e-02 5.418616658331140007e-02
1.934839522564142600e+00 7.340227608695373829e-02 5.081849553961370614e-02
1.983921486797868949e+00 2.393776388265329499e-02 6.619398025706518807e-02
2.036449400688252087e+00 -5.559127287090864789e-02 5.664488508139983031e-02
2.085711470816091762e+00 -3.127526523733387825e-02 6.087489765138665715e-02
2.139396038147026946e+00 4.310491544918124834e-02 7.021959454041967752e-02
2.185334807586274408e+00 -1.358854273486304227e-02 3.288091039941486160e-02
2.234692284523327022e+00 -1.698250161454166463e-02 3.744660195932891789e-02
2.283613213271959541e+00 2.676859493258037376e-02 3.899839576409620812e-02
2.334428762337422469e+00 7.965450001083755269e-03 4.234560176929953734e-02
2.385925646834990310e+00 7.678875455026999523e-03 3.884081835651180536e-02
2.433730198103878806e+00 2.702390786066769315e-02 4.683135651514128833e-02
2.482495830759913424e+00 4.598456545841934483e-04 5.140967838297439557e-02
2.535304239010601535e+00 1.037119206257355181e-02 4.209680532266015657e-02
2.586215982809288327e+00 -4.370610907913875798e-02 5.146820908771523179e-02
2.635979648578931300e+00 -1.372279077914337862e-02 5.080238969532874932e-02
2.684791722187427343e+00 -3.466795115308143622e-03 5.388751558115890267e-02
2.733008382078572662e+00 -1.040240599002767025e-01 5.947563845660593790e-02
2.786941425014459739e+00 -6.172175253411118362e-02 5.861149622579196750e-02
2.832457265488004694e+00 5.043649683005682616e-02 6.997093003984687642e-02
2.885780596531075659e+00 -4.646460407595669889e-02 6.940908404178891544e-02
2.930660111433067261e+00 1.593134544676265201e-03 6.710761181260996300e-02
2.982096537247260315e+00 -3.815410131979877356e-02 5.686847095344035180e-02
3.033320206295243793e+00 -9.045905199361424509e-02 8.823193239642300456e-02
3.088044033111482900e+00 -4.625898300896571363e-02 7.964812522557780661e-02
3.134914610595607165e+00 -8.439980992786719205e-02 6.084368929349675409e-02
3.185265154439983704e+00 -6.893778672992324774e-02 6.392284279513414658e-02
3.237414268965435937e+00 -1.321705619261418774e-01 6.203827130101926407e-02
3.289941124008070261e+00 1.301950597363866480e-01 1.076870330195339592e-01
3.336906258241355339e+00 6.255995348851879634e-02 1.106723988092829930e-01
3.385405123396374893e+00 4.793433948354960256e-02 9.157195059484404820e-02
3.431401671691298727e+00 -1.862771004568410937e-01 9.893665401437393148e-02
3.484122428309507136e+00 5.606965917930697291e-02 1.442860262955841522e-01
3.534576234681687357e+00 8.295816434820260654e-03 9.738080227946935286e-02
3.586088885597456866e+00 -1.418107910000633853e-01 1.044884714847092722e-01
3.634353016956971771e+00 -8.830014093502532024e-02 8.501077884757196612e-02
3.683871711801501192e+00 -4.415349283651410356e-02 1.204081637964535823e-01
3.733192143527529705e+00 -1.725293228780155341e-01 1.007425025640344696e-01
3.792594117684196409e+00 -1.170974485562029516e-01 1.154993716843372570e-01
3.840154123681892351e+00 1.248518916255231814e-01 1.110432661610279426e-01
3.882624616078844237e+00 -1.630625912994983495e-01 1.063279324444797030e-01
3.934125875088643198e+00 4.839546399811310851e-01 1.399524709948095080e-01
3.988463154696603841e+00 -1.095545885790630627e-02 1.581238604635650802e-01
4.029663275161295743e+00 -4.968949940875969640e-01 1.824717252479243212e-01
4.083091437611897412e+00 9.832328702238238294e-02 2.138007893728728070e-01
nan nan nan
4.182439039729387353e+00 3.042059380470274119e-02 1.585270954288138523e-01
nan nan nan
nan nan nan
nan nan nan
nan nan nan
nan nan nan
nan nan nan
nan nan nan
nan nan nan
nan nan nan
nan nan nan
nan nan nan
nan nan nan
nan nan nan
nan nan nan
nan nan nan
nan nan nan
