# average spec redshift
# DD/DR-1
# error
4.269854870966457300e-02 -1.002178891541363141e-03 2.319495191015367129e-03
8.853657400478981421e-02 4.934786275706296368e-03 3.301369792597596241e-03
1.355660687922738417e-01 5.009481568933340200e-03 3.382651167662580408e-03
1.847554567130517134e-01 9.778064599951329441e-03 4.683184132219776752e-03
2.352498580092770297e-01 2.711342428326972247e-03 4.292448476927870384e-03
2.838994551156185375e-01 1.344780509068577504e-02 4.603684246160218325e-03
3.324240847706753654e-01 9.062190122468071624e-03 4.173436125697423810e-03
3.837730552738690126e-01 1.065733286046748572e-02 4.988289682050121160e-03
4.359387788357459437e-01 1.419342522357569525e-02 5.975050171671165110e-03
4.851946001342949399e-01 2.214836775023073037e-02 6.259542446519743807e-03
5.349634041869001377e-01 2.245691310764396514e-02 5.717774403700913964e-03
5.848502112659765828e-01 3.761933579930395316e-02 6.710600196345568001e-03
6.330627265106228974e-01 4.762474005740866684e-02 7.656702419527033378e-03
6.839739962223516656e-01 5.724768104053925416e-02 9.030030021835664875e-03
7.345055328709528819e-01 8.681656355342026732e-02 1.019735095621700401e-02
7.850647114615225686e-01 9.146850653050567215e-02 1.268076518976012090e-02
8.374728923528220736e-01 1.079804281533857935e-01 1.525617923324430573e-02
8.836080361104504677e-01 1.388273213322687993e-01 2.056121401630278331e-02
9.365383090133829747e-01 2.368922734054596524e-01 2.278794430876202037e-02
9.831054674038224306e-01 2.086915613240912792e-01 2.587235343447213259e-02
1.031516779559980668e+00 2.879742452851261625e-01 4.251242349704846546e-02
1.084703447198615223e+00 2.330859215635242843e-01 4.663325235015308712e-02
1.130986991116157414e+00 2.545030534333876382e-01 5.493296944487285199e-02
1.183868158207556531e+00 3.411456291450400413e-01 4.429415058619118328e-02
1.232531850994819989e+00 2.874337642478233534e-01 4.182867164195461923e-02
1.286405325483193307e+00 9.592578654476667521e-02 4.391578630304381059e-02
1.338024107921905959e+00 1.026676984355344158e-01 3.984939705372659430e-02
1.381050604346999000e+00 4.763049218395467438e-02 3.805727918753443184e-02
1.433241826181070877e+00 1.250852447357278241e-01 5.124109924056302612e-02
1.483517889206180662e+00 3.375014053199274638e-02 6.155802455001316287e-02
1.534215315861849671e+00 1.777146502024654420e-02 4.480042571266416862e-02
1.584465153037313279e+00 -2.117454936835556564e-02 5.202624677293480465e-02
1.635505145538435290e+00 -3.599909638146465887e-03 5.491950053249141511e-02
1.681933568581131189e+00 2.470557216971312059e-02 4.140141702041897492e-02
1.737280169211269376e+00 4.361221425781374589e-02 6.708349608209777937e-02
1.786200433177979274e+00 9.090093971749775570e-02 4.474869230938273434e-02
1.834321037999263826e+00 1.879665152450551713e-01 6.466821701853259219e-02
1.883866612061175783e+00 -7.353093436533814087e-02 5.045314144046252752e-02
1.934839522564142600e+00 7.109542784661256054e-02 7.438896597713748338e-02
1.983921486797868949e+00 -1.850935307379092051e-02 5.505896326023153320e-02
2.036449400688252087e+00 -2.086180970481831681e-02 6.446529028857729549e-02
2.085711470816091762e+00 1.410015548277060611e-03 6.102582677909274000e-02
2.139396038147026946e+00 7.977392500018293253e-02 5.752303845655976772e-02
2.185334807586274408e+00 5.367928792151020756e-02 3.444864461446738718e-02
2.234692284523327022e+00 -2.866316543890878171e-02 2.994623473344033143e-02
2.283613213271959541e+00 2.953668556609014006e-02 3.367523626742241483e-02
2.334428762337422469e+00 -1.573453580384463410e-02 3.560845875836485264e-02
2.385925646834990310e+00 2.454675789607729114e-02 4.104008112043333600e-02
2.433730198103878806e+00 -1.749434856345124731e-02 3.940446122962483477e-02
2.482495830759913424e+00 -9.498960758839572471e-02 2.854343264606790803e-02
2.535304239010601535e+00 -1.065257354769555583e-02 3.735916610228598445e-02
2.586215982809288327e+00 -6.423763467746583522e-02 3.460388195626303703e-02
2.635979648578931300e+00 -8.251753799791608501e-02 3.587316260934399204e-02
2.684791722187427343e+00 2.766411316579589150e-02 4.691368920210669397e-02
2.733008382078572662e+00 2.739062423457393550e-02 5.238951639202543004e-02
2.786941425014459739e+00 2.121939367550933556e-02 6.386452610672321839e-02
2.832457265488004694e+00 5.307099759683743014e-03 5.554853906999320662e-02
2.885780596531075659e+00 -1.224922998598892455e-02 5.394987977319059408e-02
2.930660111433067261e+00 -7.111331562071747381e-02 5.497618679835260952e-02
2.982096537247260315e+00 -1.504425051226046181e-02 4.678051011823525229e-02
3.033320206295243793e+00 7.547408771648693449e-02 6.062243732893610876e-02
3.088044033111482900e+00 1.502444556340245575e-02 7.190873288768044602e-02
3.134914610595607165e+00 -5.681844783361952866e-02 6.049118641734450158e-02
3.185265154439983704e+00 1.260027468262297223e-01 5.746259747524128797e-02
3.237414268965435937e+00 -3.250224529290641345e-02 6.005314872249264968e-02
3.289941124008070261e+00 -1.827676481514499962e-01 5.427375292640650856e-02
3.336906258241355339e+00 -2.176008049837177272e-01 8.349505499477058446e-02
3.385405123396374893e+00 7.435868246143743920e-02 1.104441696262040556e-01
3.431401671691298727e+00 2.500634165945103335e-02 1.157920046968976685e-01
3.484122428309507136e+00 -2.387823416599023085e-01 1.609307126659959009e-01
3.534576234681687357e+00 4.999684650497172866e-02 1.148537976787127324e-01
3.586088885597456866e+00 -9.017843361566306448e-02 8.375782341913959317e-02
3.634353016956971771e+00 8.327283906712856787e-02 1.209991420077070057e-01
3.683871711801501192e+00 2.273332059679525341e-02 9.938576946732100015e-02
3.733192143527529705e+00 -1.927594102583976288e-01 1.091709712250141517e-01
3.792594117684196409e+00 -6.487006749860953214e-02 1.278883416864518008e-01
3.840154123681892351e+00 2.658191249647505749e-01 1.183889257874808226e-01
3.882624616078844237e+00 1.092219060632431543e-01 2.185182531989422472e-01
3.934125875088643198e+00 -5.962989324637361227e-02 8.648082161015556435e-02
3.988463154696603841e+00 -9.317157936338178389e-03 1.302858187563375736e-01
4.029663275161295743e+00 -4.005946501625908263e-01 1.421748899641902542e-01
4.083091437611897412e+00 -1.115784970744913285e-01 1.825130909629958664e-01
nan nan nan
4.182439039729387353e+00 -4.807635337069982029e-02 1.950279216300336849e-01
nan nan nan
nan nan nan
nan nan nan
nan nan nan
nan nan nan
nan nan nan
nan nan nan
nan nan nan
nan nan nan
nan nan nan
nan nan nan
nan nan nan
nan nan nan
nan nan nan
nan nan nan
nan nan nan
